mean = 6.566504
median = 0.0
std = 31.55633
